0.05960
0.05007
0.01907
0.05245
0.04768
0.06199
0.05007
0.03815
0.11921
0.04768
0.04768
0.05245
0.05007
0.10014
0.08821
0.08821
0.07868
0.03815
0.03099
0.06199
0.05960
0.05007
0.01907
0.05960
0.01669
0.06199
0.02146
0.02861
0.05245
0.05007
0.05245
0.06199
0.15259
0.08821
0.06914
0.06199
0.05722
0.05960
0.05007
0.05245
0.05722
0.05960
0.04768
0.05007
0.06199
0.04768
0.05245
0.05007
0.05007
0.05960
0.05007
0.05007
0.05245
0.02146
0.05960
0.05245
0.05245
0.05007
0.02146
0.05960
0.05007
0.05007
0.05007
0.04768
0.04768
0.05245
0.04768
0.05722
0.05007
0.05007
0.05245
0.04768
0.05007
0.05245
0.04768
0.05245
0.05245
0.05245
0.04768
0.05007
0.05245
0.10014
0.15736
0.10967
0.10014
0.10014
0.10967
0.22888
0.07868
0.06199
0.05960
0.05960
0.04768
0.04768
0.05007
0.08106
0.08821
0.07868
0.08821
0.09060
0.08821
0.05960
0.06199
0.06199
0.05007
0.05722
0.05245
0.05007
0.04768
0.01907
0.04768
0.05245
0.06199
0.05007
0.06199
0.05245
0.05245
0.02146
0.05007
0.05245
0.05960
0.05007
0.04768
0.05007
0.05007
0.05007
0.04768
0.05245
0.05007
0.06199
0.05007
0.05007
0.04768
0.05007
0.05007
0.02146
0.06914
0.05722
0.06199
0.06914
0.06914
0.05722
0.06914
0.05960
0.06199
0.06199
0.06914
0.05722
0.05960
0.05960
0.05960
0.05960
0.05722
0.07153
0.06199
0.06199
0.05960
0.05960
0.06914
0.05960
0.06199
0.28849
0.14067
0.10014
0.13828
0.08821
0.20027
0.11206
0.10967
0.10967
0.10014
2.49863
0.12159
0.08821
0.07868
0.08821
0.09298
0.10014
0.09060
0.08821
0.08821
0.08821
0.09060
0.06199
0.05245
0.05007
0.05960
0.05245
0.05007
0.04768
0.05007
0.05245
0.06199
0.05007
0.05245
0.04768
0.06199
0.05007
0.05007
0.05960
0.05960
0.06199
0.05960
0.05722
0.06199
0.06199
0.06199
0.04768
0.05722
0.05960
0.06199
0.10967
0.06199
0.05960
0.06914
0.07868
0.09060
0.05722
0.05007
0.05007
0.06199
0.04768
0.05007
0.05245
0.05007
0.05245
0.04768
0.06199
0.04768
0.06199
0.05722
0.06199
0.05722
0.06199
0.05960
0.05245
0.05960
0.05007
0.05007
0.05007
0.06199
0.04768
0.05007
0.04768
0.05007
0.13113
0.22888
0.09775
0.13828
0.10014
0.09060
0.08821
0.10967
0.08821
0.08106
0.07868
0.08106
0.09060
0.29087
0.08821
0.09775
0.08106
0.06199
0.06199
0.04768
0.06199
0.05007
0.06199
0.06199
0.05007
0.05960
0.04768
0.05007
0.05245
0.06199
0.05007
0.04768
0.06199
0.05960
0.05007
0.06199
0.05960
0.04768
0.05007
0.05007
0.05245
0.04768
0.05722
0.05245
0.04768
0.05007
0.05007
0.05960
0.05007
0.04768
0.05007
0.06199
0.05960
0.05245
0.01907
0.06199
0.05960
0.05245
0.04768
0.05245
0.05960
0.05007
0.05722
0.05245
0.05722
0.05007
0.05245
0.05245
0.05007
0.05007
0.05245
0.04768
0.05007
0.05245
0.04768
0.05007
0.05245
0.04768
0.05007
0.05960
0.04768
0.05722
0.05245
0.05007
0.05245
0.05722
0.05007
0.04768
0.05245
0.04768
0.05007
0.22173
0.11921
0.16928
0.10967
0.09775
0.09060
0.09775
0.09060
0.13113
0.08106
0.07153
0.05960
0.05960
0.06199
0.06199
0.06199
0.05007
0.18120
0.06914
0.05007
0.05722
0.04768
0.05007
0.04768
0.05007
0.05007
0.06199
0.05960
0.05960
0.05245
0.05007
0.05960
0.05722
0.05960
0.05960
0.04768
0.05007
0.05960
0.04768
0.05007
0.05960
0.06199
0.05245
0.04768
0.05007
0.05007
0.18120
0.13113
0.10967
0.10014
0.09060
0.09060
0.09060
0.09298
0.10014
0.08821
0.05960
0.04768
0.05960
0.05007
0.05007
0.06199
0.05245
0.04768
0.05007
0.10014
0.06914
0.05960
0.16928
0.10967
0.10014
0.09060
0.09060
0.10014
0.05960
0.04768
0.05722
0.05960
0.05007
0.05722
0.05245
0.05960
0.05007
0.05007
0.05007
0.04768
0.05245
0.05245
0.04768
0.05245
0.06199
0.05007
0.05245
0.05722
0.05722
0.05245
0.04768
0.05007
0.05007
0.04768
0.05007
0.05007
0.05007
0.05007
0.05007
0.05007
0.05007
0.04768
0.05245
0.05007
0.05245
0.06199
0.04768
0.05245
0.04768
0.05245
0.04768
0.05245
0.05960
0.05245
0.05960
0.05245
0.05007
0.04768
0.04768
0.05245
0.61989
0.09060
0.05960
0.05007
0.05960
0.05007
0.06199
0.04768
0.04768
0.05007
0.04768
0.06199
0.04768
0.05007
0.04768
0.05245
0.05007
0.06199
0.05960
0.05007
0.05007
0.05007
0.05007
0.18835
0.05960
0.06199
0.04768
0.04768
0.05960
0.05007
0.05007
0.04768
0.05245
0.05007
0.04768
0.05245
0.05960
0.05007
0.04768
0.05007
0.04768
0.05007
0.05007
0.05007
0.04768
0.05007
0.05960
0.05007
0.05245
0.04768
0.06199
0.05007
0.05960
0.05960
0.05960
0.05007
0.04768
0.05007
0.05007
0.05245
0.04768
0.05007
0.05007
0.05722
0.05007
0.05007
0.04768
0.05007
0.04768
0.13113
0.10967
0.20981
0.10967
0.10014
0.14067
0.09775
0.08821
0.05960
0.05960
0.05007
0.05007
0.05722
0.06199
0.06199
0.05245
0.05007
0.05007
0.04768
0.05722
0.05007
0.05960
0.06199
0.05245
0.05960
0.06199
0.05245
0.05007
0.05960
0.05245
0.05007
0.06199
0.05960
0.05960
0.04768
0.05245
0.05960
0.06199
0.05007
0.06914
0.08106
0.09060
0.06199
0.06199
0.05007
0.06199
0.05245
0.12875
0.06914
0.04768
0.05960
0.05007
0.05245
0.05007
0.05245
0.04768
0.04768
0.06199
0.05007
0.05722
0.05245
0.05007
0.05245
0.05007
0.05960
0.05245
0.05007
0.05245
0.05007
0.05245
0.05960
0.05245
0.04768
0.05245
0.04768
0.06199
0.04768
0.05245
0.05960
0.04768
0.04768
0.05007
0.05007
0.05960
0.05007
0.04768
0.05245
0.04768
0.06199
0.05960
0.05245
0.05960
0.05007
0.05722
0.05007
0.04768
0.05245
0.04768
0.05245
0.05245
0.05007
0.05245
0.04768
0.06199
0.05245
0.04768
0.05245
0.04768
0.06199
0.04768
0.05007
0.05007
0.05245
0.05245
0.05245
0.04768
0.05007
0.04768
0.05007
0.05007
0.05007
0.05245
0.05960
0.05245
0.05722
0.04768
0.10967
6.70910
0.10967
0.08821
0.06199
0.05722
0.06199
0.05960
0.05722
0.05245
0.05007
0.05960
0.05007
0.05007
0.05007
0.06199
0.05007
0.05007
0.04768
0.05007
0.05007
0.04768
0.05245
0.05007
0.05245
0.05007
0.05960
0.05245
0.05007
0.05245
0.04768
0.05007
0.05007
0.06199
0.05007
0.04768
0.05245
0.04768
0.05007
0.05960
0.05245
0.05007
0.05007
0.05007
0.04768
0.06199
0.04768
1.28031
0.10014
0.08821
0.16212
0.08821
0.25749
0.07868
0.06199
0.05960
0.05245
0.05245
0.06199
0.04768
0.05960
0.05245
0.05722
0.05960
0.06199
0.04768
0.05007
0.05245
0.05245
0.05007
0.28133
0.10014
0.09060
0.09060
0.09060
0.07868
0.08106
0.10014
0.08106
0.08106
0.07868
0.07868
0.07868
0.08821
0.09060
0.09060
0.10014
0.08106
0.09298
0.07868
0.12159
0.08821
0.09060
0.10014
0.09060
0.07868
0.07868
0.06914
0.07153
0.05960
0.05960
0.06199
0.07153
0.05960
0.05722
0.04768
0.05722
0.04768
0.10967
0.19312
0.11921
0.10014
0.08821
0.10014
0.06914
0.05960
0.05960
0.05960
0.05245
0.05007
0.05245
0.05960
0.06199
0.05960
0.05960
0.05007
0.05960
0.04768
0.05007
0.05007
0.04768
0.05722
0.06199
0.07153
0.10967
0.10967
0.10967
0.06914
0.07153
0.05960
0.05245
0.05245
0.05960
0.06199
0.05245
0.05245
0.04768
0.04768
0.04768
0.05007
0.04768
0.06199
0.05960
0.05722
0.05007
0.05960
0.05722
0.05007
0.05960
0.05007
0.05245
0.04768
0.05960
0.05007
0.05007
0.05007
0.05245
0.05007
0.05007
0.05007
0.04768
0.05245
0.05245
0.04768
0.05245
0.04768
0.05007
0.05007
0.04768
0.04053
0.05245
0.05007
0.05245
0.14067
0.20981
0.11921
0.10014
0.41962
0.10967
0.11921
0.06914
0.05960
0.05722
0.05960
0.06199
0.05245
0.06199
0.05007
0.05722
0.05960
0.05007
0.05960
0.05007
0.06199
0.05007
0.05960
0.04768
0.05007
0.05960
0.04768
0.05007
0.05722
0.05245
0.05245
0.05722
0.05007
0.04768
0.06199
0.05245
0.05722
0.05007
0.05245
0.05722
0.05245
0.04768
0.05245
0.04768
0.05245
0.05007
0.06199
0.05007
0.05007
0.04768
0.05007
0.04768
0.06199
0.04768
0.05722
0.05245
0.05007
0.05960
0.05960
0.05007
0.04768
0.06199
0.05007
0.05245
0.05960
0.06199
0.04768
0.05007
0.05245
0.05722
0.05007
0.05007
0.05007
0.05007
0.06199
0.18835
0.18120
0.10014
0.06914
0.06199
0.06199
0.05960
0.12875
0.10014
0.07868
0.07153
0.08821
0.38147
0.08821
0.07153
0.06199
0.05960
0.04768
0.05960
0.05007
0.04768
0.04768
0.04768
0.05245
0.06199
0.05245
0.06199
0.05722
0.05960
0.07868
0.05960
0.20027
0.10014
0.10967
0.10967
0.06199
0.06199
0.05960
0.05245
0.06199
0.05960
0.04768
0.05960
0.05960
0.05722
0.05722
0.05960
0.05960
0.06199
0.05960
0.04768
0.04768
0.05960
0.05722
0.05960
0.46015
0.06914
0.05960
0.05960
0.12875
14.77003
0.13113
0.10252
0.05960
0.05960
0.06199
0.05960
0.15020

baseline_tour_copy:[0, 11, 1, 9, 10, 12, 2, 13, 7, 8, 16, 5, 6, 14, 15, 3, 4], 
new_tour:          [0, 11, 1, 9, 10, 12, 15, 3, 4, 14, 6, 5, 16, 8, 7, 13, 2]
remove_length:-8, remove_position:6, insert_position:9
insert_before:4, insert_after:0, insert_first:14, insert_last:2
cut1:3, cut2:0, cut3:48, connect1:5, connect2:6, connect3:8

baseline_tour_copy:[0, 11, 1, 9, 10, 12, 2, 13, 7, 8, 16, 5, 6, 14, 15, 3, 4], 
new_tour:          [0, 11, 1, 9, 10, 12, 8, 7, 13, 2, 16, 5, 6, 14, 15, 3, 4]
remove_length:-3, remove_position:6, insert_position:7
insert_before:8, insert_after:16, insert_first:7, insert_last:2
cut1:3, cut2:0, cut3:0, connect1:24, connect2:0, connect3:5

new_distance:145.0, new_precise_distance:147.0
baseline_tour_copy:[0, 11, 1, 9, 10, 12, 2, 13, 7, 8, 16, 5, 6, 14, 15, 3, 4], 
new_tour:          [0, 11, 1, 9, 10, 12, 5, 16, 8, 7, 13, 2, 6, 14, 15, 3, 4]
remove_length:-5, remove_position:6, insert_position:7
insert_before:5, insert_after:6, insert_first:16, insert_last:2
cut1:3, cut2:8, cut3:0, connect1:48, connect2:8, connect3:8